MEME version 5.5.7 (Wed Jun 19 13:59:04 2024 -0700)

ALPHABET= ACGT

strands: + -

Background letter frequencies (from uniform background):
A 0.25000 C 0.25000 G 0.25000 T 0.25000 

MOTIF tp73 

letter-probability matrix: alength= 4 w= 12 nsites= 15 E= 0
  0.119658	  0.119658	  0.512821	  0.247863	
  0.153846	  0.076923	  0.649573	  0.119658	
  0.076923	  0.000000	  0.726496	  0.196581	
  0.384615	  0.000000	  0.615385	  0.000000	
  0.076923	  0.923077	  0.000000	  0.000000	
  1.000000	  0.000000	  0.000000	  0.000000	
  0.273504	  0.085470	  0.324786	  0.316239	
  0.000000	  0.085470	  0.914530	  0.000000	
  0.000000	  0.435897	  0.000000	  0.564103	
  0.000000	  0.564103	  0.042735	  0.393162	
  0.076923	  0.316239	  0.196581	  0.410256	
  0.128205	  0.213675	  0.367521	  0.290598	

MOTIF pax9 

letter-probability matrix: alength= 4 w= 17 nsites= 3855 E= 0
  0.038655	  0.604920	  0.295181	  0.061245	
  0.000000	  0.000000	  0.997383	  0.002617	
  0.020983	  0.004071	  0.001879	  0.973066	
  0.000000	  0.956665	  0.000000	  0.043335	
  0.977677	  0.021418	  0.000603	  0.000302	
  0.000000	  0.935304	  0.000000	  0.064696	
  0.000000	  0.000000	  1.000000	  0.000000	
  0.000000	  0.835595	  0.164405	  0.000000	
  0.597985	  0.026974	  0.004225	  0.370816	
  0.000307	  0.020878	  0.000000	  0.978815	
  0.000604	  0.284105	  0.714688	  0.000604	
  0.868206	  0.000000	  0.131794	  0.000000	
  0.180238	  0.412344	  0.278760	  0.128658	
  0.001794	  0.061883	  0.000000	  0.936323	
  0.035420	  0.001996	  0.899975	  0.062609	
  0.303893	  0.581509	  0.114599	  0.000000	
  0.435580	  0.266055	  0.128440	  0.169924	

MOTIF sox19a+sox19b+sox3 

letter-probability matrix: alength= 4 w= 8 nsites= 10715 E= 0
  0.019039	  0.695007	  0.146990	  0.138964	
  0.032011	  0.704993	  0.002986	  0.260009	
  0.481008	  0.001027	  0.001027	  0.516939	
  0.001027	  0.001027	  0.001027	  0.996920	
  0.001027	  0.001027	  0.001027	  0.996920	
  0.007000	  0.026972	  0.843024	  0.123005	
  0.055996	  0.001027	  0.113019	  0.829958	
  0.075968	  0.330005	  0.184974	  0.409053	

MOTIF AL807792.3+atoh1a+atoh1b+atoh1c+bloc1s2 

letter-probability matrix: alength= 4 w= 12 nsites= 3441 E= 0
  0.296135	  0.237140	  0.320837	  0.145888	
  0.208951	  0.237140	  0.271142	  0.282767	
  0.485905	  0.038070	  0.467887	  0.008137	
  0.279861	  0.418192	  0.299913	  0.002034	
  0.002034	  0.993897	  0.002034	  0.002034	
  0.993897	  0.002034	  0.002034	  0.002034	
  0.002034	  0.002034	  0.717815	  0.278117	
  0.380994	  0.614938	  0.002034	  0.002034	
  0.002034	  0.002034	  0.002034	  0.993897	
  0.002034	  0.002034	  0.993897	  0.002034	
  0.002034	  0.269108	  0.498983	  0.229875	
  0.036036	  0.459750	  0.058123	  0.446091	

MOTIF meox2a 

letter-probability matrix: alength= 4 w= 17 nsites= 7539 E= 0
  0.166915	  0.177217	  0.257838	  0.398029	
  0.023289	  0.102548	  0.012223	  0.861940	
  0.785162	  0.053563	  0.145452	  0.015823	
  0.962638	  0.010203	  0.017100	  0.010059	
  0.006347	  0.006059	  0.021206	  0.966388	
  0.017094	  0.039814	  0.218327	  0.724765	
  0.854791	  0.003828	  0.119816	  0.021564	
  0.171842	  0.464019	  0.217378	  0.146760	
  0.175127	  0.277695	  0.428635	  0.118543	
  0.149127	  0.286311	  0.407076	  0.157486	
  0.027621	  0.104859	  0.010870	  0.856650	
  0.770531	  0.155625	  0.061307	  0.012537	
  0.938761	  0.030549	  0.020460	  0.010230	
  0.007242	  0.007097	  0.015353	  0.970307	
  0.017497	  0.116795	  0.119135	  0.746573	
  0.850991	  0.005716	  0.114837	  0.028455	
  0.291685	  0.335423	  0.267503	  0.105389	

MOTIF klf7a+klf7b 

letter-probability matrix: alength= 4 w= 17 nsites= 1000 E= 0
  0.386646	  0.259902	  0.253791	  0.099661	
  0.421388	  0.207885	  0.231243	  0.139483	
  0.257377	  0.193145	  0.314893	  0.234586	
  0.061783	  0.371675	  0.214607	  0.351935	
  0.610889	  0.007047	  0.106287	  0.275777	
  0.181496	  0.007153	  0.071824	  0.739527	
  0.759998	  0.222078	  0.005710	  0.012214	
  0.003816	  0.977244	  0.004175	  0.014765	
  0.037124	  0.002582	  0.946042	  0.014253	
  0.009124	  0.982167	  0.005065	  0.003644	
  0.007023	  0.980091	  0.008044	  0.004842	
  0.005328	  0.930742	  0.002828	  0.061102	
  0.389804	  0.299794	  0.050877	  0.259525	
  0.507765	  0.121280	  0.163196	  0.207759	
  0.296269	  0.307462	  0.196230	  0.200039	
  0.301339	  0.231088	  0.150226	  0.317347	
  0.185149	  0.176068	  0.292944	  0.345838	

MOTIF sox21a+sox21b 

letter-probability matrix: alength= 4 w= 16 nsites= 1000 E= 0
  0.249698	  0.249635	  0.144851	  0.355816	
  0.342516	  0.198873	  0.110298	  0.348313	
  0.206671	  0.209792	  0.178813	  0.404724	
  0.381631	  0.179619	  0.164566	  0.274184	
  0.852801	  0.022176	  0.020309	  0.104714	
  0.121572	  0.025278	  0.030652	  0.822498	
  0.235665	  0.017384	  0.020658	  0.726293	
  0.820305	  0.018914	  0.123153	  0.037628	
  0.037628	  0.123153	  0.018914	  0.820305	
  0.726293	  0.020658	  0.017384	  0.235665	
  0.822498	  0.030652	  0.025278	  0.121572	
  0.104714	  0.020309	  0.022176	  0.852801	
  0.362405	  0.077853	  0.124914	  0.434828	
  0.404697	  0.074491	  0.255296	  0.265516	
  0.392092	  0.082321	  0.211657	  0.313930	
  0.235376	  0.146510	  0.328923	  0.289191	

MOTIF foxd5 

letter-probability matrix: alength= 4 w= 14 nsites= 12516 E= 0
  0.353769	  0.154133	  0.190370	  0.301729	
  0.364800	  0.143636	  0.471055	  0.020509	
  0.363530	  0.240241	  0.018540	  0.377689	
  0.390109	  0.031462	  0.010216	  0.568213	
  0.939742	  0.010209	  0.022676	  0.027374	
  0.921025	  0.021095	  0.013598	  0.044282	
  0.000000	  0.326927	  0.009345	  0.663727	
  0.698677	  0.012470	  0.286817	  0.002036	
  0.019277	  0.006246	  0.026216	  0.948261	
  0.016447	  0.014902	  0.020771	  0.947880	
  0.050996	  0.012749	  0.366280	  0.569976	
  0.693251	  0.023917	  0.164811	  0.118021	
  0.029319	  0.600659	  0.083768	  0.286254	
  0.355691	  0.132145	  0.149142	  0.363023	

MOTIF hey2 

letter-probability matrix: alength= 4 w= 10 nsites= 182 E= 0
  0.063291	  0.240506	  0.518987	  0.177215	
  0.389937	  0.157233	  0.327044	  0.125786	
  0.000000	  0.993711	  0.000000	  0.006289	
  0.908046	  0.034483	  0.022989	  0.034483	
  0.018072	  0.951807	  0.030120	  0.000000	
  0.000000	  0.018634	  0.981366	  0.000000	
  0.000000	  0.206897	  0.014778	  0.778325	
  0.000000	  0.036585	  0.963415	  0.000000	
  0.115385	  0.607692	  0.057692	  0.219231	
  0.064220	  0.724771	  0.146789	  0.064220	

MOTIF phox2ba 

letter-probability matrix: alength= 4 w= 15 nsites= 1007 E= 0
  0.588878	  0.051639	  0.145978	  0.213505	
  0.002979	  0.594836	  0.401192	  0.000993	
  0.000993	  0.745780	  0.000993	  0.252234	
  0.471698	  0.005958	  0.505462	  0.016882	
  0.017875	  0.000993	  0.075472	  0.905660	
  0.193644	  0.002979	  0.788481	  0.014896	
  0.782522	  0.014896	  0.102284	  0.100298	
  0.087388	  0.910626	  0.000993	  0.000993	
  0.222443	  0.101291	  0.024826	  0.651440	
  0.958292	  0.001986	  0.038729	  0.000993	
  0.997021	  0.000993	  0.000993	  0.000993	
  0.091360	  0.021847	  0.017875	  0.868918	
  0.059583	  0.212512	  0.194638	  0.533267	
  0.273088	  0.198610	  0.290963	  0.237339	
  0.321748	  0.216485	  0.270109	  0.191658	

MOTIF tbx4 

letter-probability matrix: alength= 4 w= 8 nsites= 23130 E= 0
  0.820723	  0.019235	  0.103570	  0.056473	
  0.122214	  0.092315	  0.739392	  0.046078	
  0.002010	  0.009997	  0.986248	  0.001745	
  0.000000	  0.080270	  0.009326	  0.910405	
  0.000000	  0.000000	  1.000000	  0.000000	
  0.066396	  0.122389	  0.013014	  0.798202	
  0.040111	  0.159735	  0.551967	  0.248187	
  0.850173	  0.026810	  0.079017	  0.044000	

MOTIF myca+mych 

letter-probability matrix: alength= 4 w= 10 nsites= 227 E= 0
  0.295154	  0.422907	  0.158590	  0.123348	
  0.149780	  0.233480	  0.572687	  0.044053	
  0.035242	  0.964758	  0.000000	  0.000000	
  0.955947	  0.017621	  0.022026	  0.004405	
  0.000000	  0.933921	  0.013216	  0.052863	
  0.083700	  0.008811	  0.898678	  0.008811	
  0.039648	  0.193833	  0.000000	  0.766520	
  0.000000	  0.008811	  0.951542	  0.039648	
  0.000000	  0.074890	  0.806167	  0.118943	
  0.198238	  0.471366	  0.105727	  0.224670	

MOTIF tead3a+tead3b 

letter-probability matrix: alength= 4 w= 8 nsites= 24690 E= 0
  0.553984	  0.002918	  0.394067	  0.049032	
  0.115330	  0.864519	  0.020151	  0.000000	
  1.000000	  0.000000	  0.000000	  0.000000	
  0.000000	  0.000000	  0.000000	  1.000000	
  0.203512	  0.001025	  0.043190	  0.752273	
  0.000000	  1.000000	  0.000000	  0.000000	
  0.000000	  0.999814	  0.000000	  0.000186	
  0.478661	  0.023192	  0.193170	  0.304978	

MOTIF six1b 

letter-probability matrix: alength= 4 w= 17 nsites= 1000 E= 0
  0.319306	  0.130147	  0.399309	  0.151238	
  0.482636	  0.211172	  0.085871	  0.220321	
  0.214292	  0.085504	  0.207353	  0.492851	
  0.392819	  0.136859	  0.403883	  0.066438	
  0.215886	  0.049341	  0.685932	  0.048842	
  0.039793	  0.053756	  0.870240	  0.036211	
  0.202525	  0.005026	  0.791396	  0.001053	
  0.001092	  0.001021	  0.052968	  0.944919	
  0.963185	  0.001738	  0.033596	  0.001480	
  0.002017	  0.001886	  0.002847	  0.993250	
  0.009914	  0.974962	  0.001987	  0.013137	
  0.909252	  0.021586	  0.037899	  0.031263	
  0.177851	  0.274190	  0.117998	  0.429961	
  0.228906	  0.159459	  0.303955	  0.307681	
  0.330938	  0.158106	  0.118706	  0.392251	
  0.160453	  0.267920	  0.280244	  0.291383	
  0.176707	  0.068175	  0.229538	  0.525580	

MOTIF mybl1 

letter-probability matrix: alength= 4 w= 15 nsites= 1000 E= 0
  0.205989	  0.268359	  0.263479	  0.262174	
  0.149858	  0.330201	  0.339741	  0.180201	
  0.440045	  0.213697	  0.179742	  0.166516	
  0.055722	  0.767204	  0.049077	  0.127997	
  0.060389	  0.768239	  0.011175	  0.160197	
  0.980265	  0.008906	  0.004964	  0.005865	
  0.976251	  0.015501	  0.004122	  0.004126	
  0.006449	  0.982888	  0.005200	  0.005463	
  0.025776	  0.139679	  0.048415	  0.786130	
  0.009775	  0.008352	  0.975178	  0.006695	
  0.187590	  0.568007	  0.036604	  0.207799	
  0.108890	  0.808175	  0.017705	  0.065230	
  0.242101	  0.097932	  0.555551	  0.104417	
  0.281058	  0.212523	  0.104136	  0.402283	
  0.150908	  0.188201	  0.411156	  0.249734	

MOTIF nfe2l3 

letter-probability matrix: alength= 4 w= 19 nsites= 382 E= 0
  0.393701	  0.170604	  0.301837	  0.133858	
  0.475066	  0.070866	  0.257218	  0.196850	
  0.547120	  0.091623	  0.086387	  0.274869	
  0.452632	  0.131579	  0.071053	  0.344737	
  0.194226	  0.288714	  0.170604	  0.346457	
  0.052356	  0.083770	  0.007853	  0.856021	
  0.000000	  0.013089	  0.986911	  0.000000	
  0.036554	  0.950392	  0.002611	  0.010444	
  0.050000	  0.047368	  0.005263	  0.897368	
  0.036649	  0.028796	  0.876963	  0.057592	
  0.895288	  0.015707	  0.000000	  0.089005	
  0.026247	  0.125984	  0.829396	  0.018373	
  0.000000	  0.000000	  0.000000	  1.000000	
  0.005236	  0.992147	  0.000000	  0.002618	
  0.997382	  0.000000	  0.002618	  0.000000	
  0.000000	  0.324607	  0.007853	  0.667539	
  0.091384	  0.313316	  0.326371	  0.268930	
  0.131234	  0.396325	  0.288714	  0.183727	
  0.212598	  0.238845	  0.146982	  0.401575	

MOTIF srebf2 

letter-probability matrix: alength= 4 w= 12 nsites= 88 E= 0
  0.329545	  0.568182	  0.000000	  0.102273	
  0.238636	  0.136364	  0.397727	  0.227273	
  0.340909	  0.136364	  0.522727	  0.000000	
  0.000000	  0.011364	  0.000000	  0.988636	
  0.011364	  0.965909	  0.022727	  0.000000	
  1.000000	  0.000000	  0.000000	  0.000000	
  0.000000	  0.806818	  0.193182	  0.000000	
  0.193182	  0.375000	  0.431818	  0.000000	
  0.000000	  1.000000	  0.000000	  0.000000	
  0.022727	  0.965909	  0.000000	  0.011364	
  0.954545	  0.045455	  0.000000	  0.000000	
  0.000000	  0.704545	  0.102273	  0.193182	

MOTIF gli1+gli2b 

letter-probability matrix: alength= 4 w= 14 nsites= 10911 E= 0
  0.044741	  0.046647	  0.805336	  0.103276	
  0.687854	  0.191536	  0.119371	  0.001240	
  0.039207	  0.950616	  0.001714	  0.008463	
  0.002236	  0.992063	  0.002795	  0.002907	
  0.765660	  0.089733	  0.055393	  0.089215	
  0.003027	  0.994843	  0.001906	  0.000224	
  0.322469	  0.671483	  0.004592	  0.001456	
  0.084949	  0.792675	  0.015811	  0.106565	
  0.812861	  0.018412	  0.144270	  0.024457	
  0.189785	  0.546092	  0.134708	  0.129415	
  0.309972	  0.183324	  0.414535	  0.092169	
  0.346293	  0.144918	  0.231913	  0.276876	
  0.274284	  0.362745	  0.117196	  0.245774	
  0.118555	  0.198004	  0.549950	  0.133490	

MOTIF barx2 

letter-probability matrix: alength= 4 w= 16 nsites= 1000 E= 0
  0.192206	  0.148293	  0.146006	  0.513495	
  0.514523	  0.165001	  0.119088	  0.201388	
  0.632530	  0.111560	  0.231101	  0.024809	
  0.105387	  0.198613	  0.385537	  0.310463	
  0.005663	  0.269485	  0.001278	  0.723575	
  0.959372	  0.029759	  0.003956	  0.006913	
  0.978443	  0.007610	  0.003443	  0.010504	
  0.010504	  0.003443	  0.007610	  0.978443	
  0.006913	  0.003956	  0.029759	  0.959372	
  0.723575	  0.001278	  0.269485	  0.005663	
  0.270117	  0.230775	  0.347509	  0.151599	
  0.024809	  0.231101	  0.111560	  0.632530	
  0.099244	  0.102528	  0.381140	  0.417088	
  0.343508	  0.100561	  0.320672	  0.235259	
  0.178539	  0.197399	  0.105087	  0.518975	
  0.383123	  0.112330	  0.329672	  0.174876	

MOTIF ddx28+nfatc1+nfatc2b+nfatc3a+nfatc3b+nfatc4 

letter-probability matrix: alength= 4 w= 10 nsites= 1844 E= 0
  0.538503	  0.028742	  0.060738	  0.372017	
  0.058026	  0.164859	  0.236985	  0.540130	
  0.001085	  0.001085	  0.029826	  0.968004	
  0.001085	  0.001085	  0.001085	  0.996746	
  0.001085	  0.001085	  0.001085	  0.996746	
  0.001085	  0.996746	  0.001085	  0.001085	
  0.001085	  0.996746	  0.001085	  0.001085	
  0.924620	  0.001085	  0.073210	  0.001085	
  0.030911	  0.357918	  0.059111	  0.552061	
  0.080803	  0.253796	  0.138829	  0.526573	

MOTIF barhl2 

letter-probability matrix: alength= 4 w= 10 nsites= 16722 E= 0
  0.176058	  0.269625	  0.354936	  0.199381	
  0.182262	  0.351314	  0.157149	  0.309275	
  0.014510	  0.000000	  0.000000	  0.985490	
  1.000000	  0.000000	  0.000000	  0.000000	
  1.000000	  0.000000	  0.000000	  0.000000	
  0.261503	  0.011251	  0.114824	  0.612422	
  0.107005	  0.161475	  0.119717	  0.611803	
  0.162326	  0.000000	  0.817481	  0.020192	
  0.203936	  0.318701	  0.269712	  0.207651	
  0.165073	  0.273309	  0.153100	  0.408519	

MOTIF hoxa11b 

letter-probability matrix: alength= 4 w= 11 nsites= 548 E= 0
  0.252475	  0.185644	  0.396040	  0.165842	
  0.173719	  0.233853	  0.449889	  0.142539	
  0.000000	  0.523342	  0.009828	  0.466830	
  0.436285	  0.450324	  0.080994	  0.032397	
  0.722719	  0.166369	  0.109123	  0.001789	
  0.069124	  0.000000	  0.000000	  0.930876	
  0.584323	  0.033254	  0.009501	  0.372922	
  0.946136	  0.000000	  0.000000	  0.053864	
  0.918182	  0.070455	  0.009091	  0.002273	
  0.569014	  0.192958	  0.107042	  0.130986	
  0.282178	  0.252475	  0.178218	  0.287129	

MOTIF pitx2 

letter-probability matrix: alength= 4 w= 11 nsites= 86 E= 0
  0.128165	  0.038441	  0.009691	  0.823703	
  0.059606	  0.081324	  0.661967	  0.197103	
  0.018317	  0.000000	  0.000000	  0.981683	
  0.904423	  0.076479	  0.009716	  0.009382	
  0.879664	  0.000000	  0.120336	  0.000000	
  0.000000	  0.010563	  0.000000	  0.989437	
  0.000000	  0.990832	  0.000000	  0.009168	
  0.029636	  0.961022	  0.000000	  0.009342	
  0.099053	  0.890081	  0.010866	  0.000000	
  0.962466	  0.000000	  0.009134	  0.028401	
  0.261676	  0.038704	  0.699619	  0.000000	

MOTIF e2f3 

letter-probability matrix: alength= 4 w= 17 nsites= 1000 E= 0
  0.265095	  0.268267	  0.222997	  0.243641	
  0.200676	  0.255224	  0.341788	  0.202312	
  0.178293	  0.362068	  0.104617	  0.355022	
  0.351308	  0.049870	  0.101991	  0.496831	
  0.114543	  0.445994	  0.008584	  0.430879	
  0.113589	  0.020854	  0.846807	  0.018750	
  0.004661	  0.132010	  0.859241	  0.004089	
  0.030896	  0.962007	  0.004017	  0.003080	
  0.006194	  0.002090	  0.965564	  0.026152	
  0.008009	  0.911831	  0.077009	  0.003151	
  0.029519	  0.830096	  0.011332	  0.129053	
  0.764710	  0.016406	  0.088627	  0.130257	
  0.530328	  0.265186	  0.100721	  0.103765	
  0.331689	  0.153148	  0.308482	  0.206682	
  0.332536	  0.311591	  0.232118	  0.123755	
  0.175189	  0.233372	  0.375563	  0.215876	
  0.183884	  0.334856	  0.283993	  0.197267	

MOTIF cux2b 

letter-probability matrix: alength= 4 w= 15 nsites= 94 E= 0
  0.417943	  0.048230	  0.154140	  0.379687	
  0.331841	  0.062671	  0.197015	  0.408472	
  0.117371	  0.088964	  0.063211	  0.730453	
  1.000000	  0.000000	  0.000000	  0.000000	
  0.000000	  0.000000	  0.000000	  1.000000	
  0.047183	  0.230607	  0.000000	  0.722209	
  0.000000	  0.000000	  1.000000	  0.000000	
  1.000000	  0.000000	  0.000000	  0.000000	
  0.000000	  0.000000	  0.000000	  1.000000	
  0.047021	  0.256183	  0.009255	  0.687542	
  0.882899	  0.000000	  0.034987	  0.082115	
  0.138275	  0.198742	  0.139959	  0.523024	
  0.092522	  0.261147	  0.000000	  0.646330	
  0.227982	  0.063425	  0.222584	  0.486009	
  0.237848	  0.038866	  0.083460	  0.639826	

MOTIF zbtb47b+znf652 

letter-probability matrix: alength= 4 w= 13 nsites= 4946 E= 0
  0.321370	  0.204061	  0.204676	  0.269893	
  0.019164	  0.260910	  0.397368	  0.322558	
  0.779567	  0.048309	  0.090177	  0.081947	
  0.967185	  0.008813	  0.012751	  0.011251	
  0.843965	  0.012460	  0.118096	  0.025479	
  0.000842	  0.001473	  0.979802	  0.017883	
  0.037839	  0.000000	  0.960900	  0.001261	
  0.001711	  0.000000	  0.998289	  0.000000	
  0.002242	  0.001345	  0.000897	  0.995516	
  0.001127	  0.000000	  0.000676	  0.998197	
  0.999812	  0.000000	  0.000000	  0.000188	
  0.997345	  0.002086	  0.000000	  0.000569	
  0.365272	  0.205123	  0.045170	  0.384435	

MOTIF foxj1a+foxj1b 

letter-probability matrix: alength= 4 w= 14 nsites= 190 E= 0
  0.081736	  0.388380	  0.265411	  0.264473	
  0.311361	  0.340936	  0.222658	  0.125044	
  0.550320	  0.109176	  0.149580	  0.190924	
  0.569572	  0.110796	  0.215121	  0.104512	
  0.288071	  0.315882	  0.361684	  0.034362	
  0.422439	  0.000000	  0.572607	  0.004954	
  0.009689	  0.009452	  0.004724	  0.976135	
  0.970075	  0.019810	  0.010115	  0.000000	
  0.985333	  0.014667	  0.000000	  0.000000	
  0.994986	  0.000000	  0.005014	  0.000000	
  0.004979	  0.904761	  0.000000	  0.090260	
  0.990440	  0.009560	  0.000000	  0.000000	
  0.642023	  0.158826	  0.120043	  0.079109	
  0.405297	  0.149378	  0.216934	  0.228391	

MOTIF pparaa+pparda+ppardb 

letter-probability matrix: alength= 4 w= 14 nsites= 18 E= 0
  0.083851	  0.363354	  0.083851	  0.468944	
  0.732919	  0.000000	  0.204969	  0.062112	
  0.000000	  0.062112	  0.937888	  0.000000	
  0.055901	  0.062112	  0.770186	  0.111801	
  0.341615	  0.242236	  0.242236	  0.173913	
  0.173913	  0.372671	  0.242236	  0.211180	
  0.763975	  0.180124	  0.000000	  0.055901	
  0.559006	  0.217391	  0.167702	  0.055901	
  0.881988	  0.000000	  0.062112	  0.055901	
  0.000000	  0.000000	  0.962733	  0.037267	
  0.062112	  0.000000	  0.881988	  0.055901	
  0.149068	  0.043478	  0.062112	  0.745342	
  0.093168	  0.726708	  0.062112	  0.118012	
  0.736025	  0.009317	  0.195652	  0.059006	

MOTIF neurod1 

letter-probability matrix: alength= 4 w= 10 nsites= 4616 E= 0
  0.321057	  0.100087	  0.510832	  0.068024	
  0.128033	  0.821057	  0.034012	  0.016898	
  0.014948	  0.977253	  0.003899	  0.003899	
  0.977036	  0.003899	  0.009099	  0.009965	
  0.009965	  0.042028	  0.220971	  0.727036	
  0.035095	  0.951906	  0.008016	  0.004983	
  0.003033	  0.003033	  0.003899	  0.990035	
  0.006932	  0.001950	  0.990035	  0.001083	
  0.004983	  0.264948	  0.222054	  0.508016	
  0.050043	  0.355936	  0.045927	  0.548094	

MOTIF lef1 

letter-probability matrix: alength= 4 w= 7 nsites= 67 E= 0
  0.003759	  0.956976	  0.035505	  0.003759	
  0.015038	  0.016708	  0.000000	  0.968254	
  0.000000	  0.000000	  0.000000	  1.000000	
  0.000000	  0.000000	  0.000000	  1.000000	
  0.000000	  0.000000	  1.000000	  0.000000	
  0.517126	  0.056809	  0.000000	  0.426065	
  0.361738	  0.034252	  0.034252	  0.569758	

MOTIF smad1 

letter-probability matrix: alength= 4 w= 12 nsites= 12 E= 0
  0.439086	  0.022843	  0.332487	  0.205584	
  0.000000	  0.482234	  0.517766	  0.000000	
  0.081218	  0.736041	  0.000000	  0.182741	
  0.162437	  0.746193	  0.091371	  0.000000	
  0.081218	  0.081218	  0.000000	  0.837563	
  0.081218	  0.263959	  0.609137	  0.045685	
  0.000000	  0.045685	  0.000000	  0.954315	
  0.000000	  0.817259	  0.182741	  0.000000	
  0.091371	  0.000000	  0.000000	  0.908629	
  0.000000	  0.000000	  0.908629	  0.091371	
  0.091371	  0.644670	  0.081218	  0.182741	
  0.263959	  0.553299	  0.000000	  0.182741	

MOTIF irx2a 

letter-probability matrix: alength= 4 w= 12 nsites= 18360 E= 0
  0.191337	  0.189511	  0.305925	  0.313228	
  0.386868	  0.035313	  0.159996	  0.417823	
  0.906875	  0.021012	  0.050702	  0.021411	
  0.037532	  0.914287	  0.021011	  0.027170	
  0.920380	  0.017906	  0.044562	  0.017152	
  0.080709	  0.337120	  0.025984	  0.556187	
  0.259136	  0.021318	  0.604633	  0.114912	
  0.838596	  0.031679	  0.056336	  0.073390	
  0.075154	  0.794190	  0.034352	  0.096305	
  0.779075	  0.042184	  0.080100	  0.098641	
  0.329917	  0.200283	  0.049634	  0.420165	
  0.157842	  0.216332	  0.484480	  0.141346	

MOTIF ctcf 

letter-probability matrix: alength= 4 w= 17 nsites= 11851 E= 0
  0.455332	  0.045844	  0.145508	  0.353317	
  0.173692	  0.024785	  0.759303	  0.042221	
  0.000000	  0.940984	  0.000000	  0.059016	
  0.005067	  0.000000	  0.988124	  0.006809	
  0.062318	  0.932432	  0.000778	  0.004472	
  0.004531	  0.995469	  0.000000	  0.000000	
  0.507584	  0.453365	  0.018044	  0.021008	
  0.007862	  0.640792	  0.000000	  0.351346	
  0.000000	  0.999887	  0.000113	  0.000000	
  0.002595	  0.003436	  0.001613	  0.992356	
  0.763660	  0.020960	  0.117447	  0.097933	
  0.007318	  0.131403	  0.799154	  0.062124	
  0.013768	  0.387978	  0.000000	  0.598255	
  0.000233	  0.000000	  0.985689	  0.014078	
  0.039788	  0.011172	  0.731380	  0.217660	
  0.151957	  0.281977	  0.008169	  0.557898	
  0.364415	  0.310527	  0.212438	  0.112620	

MOTIF sp1 

letter-probability matrix: alength= 4 w= 11 nsites= 3489 E= 0
  0.195675	  0.127025	  0.594973	  0.082327	
  0.085961	  0.029737	  0.749255	  0.135047	
  0.169546	  0.012220	  0.815548	  0.002686	
  0.002027	  0.012982	  0.984014	  0.000977	
  0.026173	  0.005490	  0.967036	  0.001300	
  0.231954	  0.644071	  0.017573	  0.106401	
  0.034559	  0.012164	  0.929342	  0.023935	
  0.003934	  0.010279	  0.955212	  0.030575	
  0.159981	  0.025800	  0.772462	  0.041756	
  0.075676	  0.073013	  0.801707	  0.049603	
  0.148900	  0.537438	  0.187620	  0.126043	

MOTIF tbr1a+tbr1b+tbx21 

letter-probability matrix: alength= 4 w= 10 nsites= 38615 E= 0
  0.870780	  0.009059	  0.084002	  0.036159	
  0.140054	  0.066261	  0.702488	  0.091198	
  0.001997	  0.007248	  0.984677	  0.006078	
  0.001072	  0.048331	  0.002418	  0.948180	
  0.000000	  0.000174	  0.999710	  0.000116	
  0.057090	  0.113461	  0.003757	  0.825693	
  0.025975	  0.056393	  0.762866	  0.154766	
  0.975161	  0.002543	  0.016503	  0.005793	
  0.749652	  0.074620	  0.043120	  0.132607	
  0.536295	  0.162827	  0.131473	  0.169405	

MOTIF gfi1b 

letter-probability matrix: alength= 4 w= 12 nsites= 192 E= 0
  0.054813	  0.373336	  0.014900	  0.556951	
  0.914968	  0.074777	  0.005178	  0.005077	
  0.995084	  0.000000	  0.004916	  0.000000	
  0.990201	  0.004985	  0.004814	  0.000000	
  0.000000	  0.000000	  0.000000	  1.000000	
  0.000000	  0.989964	  0.004925	  0.005111	
  0.980404	  0.009692	  0.000000	  0.009905	
  0.080582	  0.634716	  0.274848	  0.009854	
  0.160513	  0.063850	  0.165222	  0.610414	
  0.064630	  0.124450	  0.656809	  0.154111	
  0.074274	  0.721026	  0.024876	  0.179824	
  0.382582	  0.191150	  0.106066	  0.320202	

MOTIF nr3c1 

letter-probability matrix: alength= 4 w= 15 nsites= 1437 E= 0
  0.231733	  0.374391	  0.231037	  0.162839	
  0.619346	  0.006263	  0.261656	  0.112735	
  0.057759	  0.004871	  0.924148	  0.013222	
  0.433542	  0.119694	  0.286708	  0.160056	
  0.956855	  0.007655	  0.015310	  0.020181	
  0.002088	  0.963118	  0.007655	  0.027140	
  0.766875	  0.018789	  0.135003	  0.079332	
  0.123173	  0.231037	  0.249130	  0.396660	
  0.258873	  0.178845	  0.164927	  0.397356	
  0.210160	  0.401531	  0.228253	  0.160056	
  0.100905	  0.043841	  0.009047	  0.846207	
  0.006263	  0.015310	  0.971468	  0.006959	
  0.020877	  0.025748	  0.018093	  0.935282	
  0.178845	  0.288100	  0.130828	  0.402227	
  0.041058	  0.864997	  0.013918	  0.080028	

MOTIF foxa2 

letter-probability matrix: alength= 4 w= 10 nsites= 26378 E= 0
  0.498029	  0.005004	  0.000986	  0.495981	
  0.680984	  0.037001	  0.248010	  0.034006	
  0.596027	  0.000986	  0.095989	  0.306998	
  0.113997	  0.000986	  0.884032	  0.000986	
  0.000986	  0.153006	  0.000986	  0.845022	
  0.931041	  0.066988	  0.000986	  0.000986	
  0.985025	  0.013003	  0.000986	  0.000986	
  0.997043	  0.000986	  0.000986	  0.000986	
  0.000986	  0.714042	  0.000986	  0.283987	
  0.997043	  0.000986	  0.000986	  0.000986	

MOTIF tfcp2+tfcp2l1+ubp1 

letter-probability matrix: alength= 4 w= 10 nsites= 655 E= 0
  0.588542	  0.105903	  0.223958	  0.081597	
  0.902669	  0.009419	  0.037677	  0.050235	
  0.836972	  0.002911	  0.011645	  0.148472	
  0.001730	  0.994810	  0.003460	  0.000000	
  0.007143	  0.821429	  0.001429	  0.170000	
  0.180672	  0.004202	  0.805322	  0.009804	
  0.001706	  0.015358	  0.981229	  0.001706	
  0.236546	  0.043805	  0.000000	  0.719650	
  0.065621	  0.085592	  0.028531	  0.820257	
  0.166957	  0.340870	  0.053913	  0.438261	

MOTIF myb 

letter-probability matrix: alength= 4 w= 8 nsites= 905 E= 0
  0.081943	  0.013952	  0.884976	  0.019130	
  0.250342	  0.004754	  0.732179	  0.012726	
  0.005697	  0.982022	  0.007542	  0.004739	
  0.263028	  0.316545	  0.408492	  0.011935	
  0.002982	  0.001005	  0.996013	  0.000000	
  0.000971	  0.005907	  0.000917	  0.992205	
  0.002015	  0.005837	  0.004982	  0.987166	
  0.071824	  0.000000	  0.926170	  0.002006	

MOTIF arnt 

letter-probability matrix: alength= 4 w= 8 nsites= 104 E= 0
  0.259615	  0.269231	  0.471154	  0.000000	
  0.096154	  0.278846	  0.326923	  0.298077	
  0.750000	  0.019231	  0.221154	  0.009615	
  0.000000	  0.990385	  0.000000	  0.009615	
  0.000000	  0.000000	  1.000000	  0.000000	
  0.000000	  0.000000	  0.000000	  1.000000	
  0.000000	  0.000000	  1.000000	  0.000000	
  0.173077	  0.490385	  0.192308	  0.144231	

MOTIF nkx3.3-1 

letter-probability matrix: alength= 4 w= 11 nsites= 20 E= 0
  0.417303	  0.194232	  0.194232	  0.194232	
  0.258977	  0.000000	  0.525210	  0.215814	
  0.043163	  0.302139	  0.129488	  0.525210	
  0.223070	  0.043163	  0.172651	  0.561116	
  0.784186	  0.000000	  0.129488	  0.086326	
  1.000000	  0.000000	  0.000000	  0.000000	
  0.000000	  0.000000	  1.000000	  0.000000	
  0.000000	  0.000000	  0.000000	  1.000000	
  0.043163	  0.000000	  0.956837	  0.000000	
  0.043163	  0.172651	  0.697861	  0.086326	
  0.388465	  0.258977	  0.352559	  0.000000	

MOTIF pparab 

letter-probability matrix: alength= 4 w= 7 nsites= 114 E= 0
  0.485700	  0.096154	  0.267751	  0.150394	
  0.802761	  0.008876	  0.179487	  0.008876	
  0.000000	  0.000000	  1.000000	  0.000000	
  0.000000	  0.014793	  0.920118	  0.065089	
  0.025641	  0.032544	  0.033531	  0.908284	
  0.009862	  0.981262	  0.000000	  0.008876	
  0.877959	  0.002219	  0.057446	  0.062377	

MOTIF lhx8a+lhx8b 

letter-probability matrix: alength= 4 w= 12 nsites= 7427 E= 0
  0.050130	  0.024741	  0.009197	  0.915933	
  0.536688	  0.004752	  0.451572	  0.006988	
  0.988674	  0.002517	  0.006572	  0.002237	
  0.015211	  0.009643	  0.014804	  0.960342	
  0.016304	  0.007473	  0.015489	  0.960734	
  0.110547	  0.008675	  0.876317	  0.004462	
  0.008589	  0.906422	  0.005768	  0.079221	
  0.970625	  0.013178	  0.007824	  0.008373	
  0.973297	  0.013489	  0.005368	  0.007846	
  0.003344	  0.008220	  0.003344	  0.985093	
  0.009469	  0.514970	  0.005849	  0.469712	
  0.931498	  0.012251	  0.017389	  0.038862	

MOTIF e2f5 

letter-probability matrix: alength= 4 w= 10 nsites= 12 E= 0
  0.134298	  0.398760	  0.332645	  0.134298	
  0.000000	  0.107438	  0.892562	  0.000000	
  0.000000	  1.000000	  0.000000	  0.000000	
  0.000000	  0.000000	  1.000000	  0.000000	
  0.000000	  0.851240	  0.148760	  0.000000	
  0.000000	  0.533058	  0.466942	  0.000000	
  1.000000	  0.000000	  0.000000	  0.000000	
  1.000000	  0.000000	  0.000000	  0.000000	
  1.000000	  0.000000	  0.000000	  0.000000	
  0.266529	  0.398760	  0.134298	  0.200413	

MOTIF etv5a+etv5b 

letter-probability matrix: alength= 4 w= 10 nsites= 5509 E= 0
  0.496216	  0.096904	  0.236468	  0.170413	
  0.130169	  0.562679	  0.195839	  0.111313	
  0.084703	  0.900520	  0.012487	  0.002289	
  0.000000	  0.000000	  0.996316	  0.003684	
  0.000000	  0.000000	  0.989934	  0.010066	
  0.971923	  0.005166	  0.004492	  0.018419	
  0.548773	  0.040191	  0.019987	  0.391049	
  0.205622	  0.103880	  0.661014	  0.029484	
  0.069532	  0.297230	  0.104107	  0.529131	
  0.283634	  0.196718	  0.303282	  0.216366	

MOTIF si:dkey-43p13.5+uncx 

letter-probability matrix: alength= 4 w= 8 nsites= 41364 E= 0
  0.134868	  0.361896	  0.154665	  0.348571	
  0.092470	  0.390816	  0.048526	  0.468188	
  0.791096	  0.054417	  0.098164	  0.056323	
  0.933937	  0.032930	  0.010623	  0.022510	
  0.012549	  0.021028	  0.003052	  0.963371	
  0.067960	  0.086463	  0.038928	  0.806650	
  0.843965	  0.050534	  0.016707	  0.088794	
  0.374018	  0.211910	  0.283811	  0.130261	

MOTIF phox2bb 

letter-probability matrix: alength= 4 w= 17 nsites= 1000 E= 0
  0.270312	  0.380127	  0.282721	  0.066840	
  0.311438	  0.198757	  0.357591	  0.132214	
  0.166453	  0.217463	  0.312350	  0.303735	
  0.604298	  0.151111	  0.094727	  0.149864	
  0.577367	  0.199873	  0.198382	  0.024378	
  0.053117	  0.151891	  0.010359	  0.784633	
  0.018560	  0.037001	  0.003208	  0.941231	
  0.974725	  0.006070	  0.016797	  0.002408	
  0.975412	  0.000845	  0.011275	  0.012468	
  0.012468	  0.011275	  0.000845	  0.975412	
  0.002408	  0.016797	  0.006070	  0.974725	
  0.941231	  0.003208	  0.037001	  0.018560	
  0.784633	  0.010359	  0.151891	  0.053117	
  0.064719	  0.315444	  0.226411	  0.393427	
  0.379871	  0.088168	  0.289727	  0.242234	
  0.205449	  0.280466	  0.296675	  0.217411	
  0.161998	  0.172365	  0.502391	  0.163246	

MOTIF eomesa+eomesb 

letter-probability matrix: alength= 4 w= 16 nsites= 1000 E= 0
  0.253642	  0.252604	  0.298295	  0.195458	
  0.112892	  0.341342	  0.341061	  0.204704	
  0.297430	  0.215095	  0.343350	  0.144125	
  0.241098	  0.129378	  0.421448	  0.208076	
  0.894201	  0.007299	  0.061031	  0.037468	
  0.052259	  0.054303	  0.856609	  0.036829	
  0.005074	  0.015048	  0.966734	  0.013144	
  0.003258	  0.061529	  0.002368	  0.932845	
  0.017531	  0.005025	  0.973155	  0.004289	
  0.116022	  0.030172	  0.047139	  0.806667	
  0.027749	  0.602513	  0.009946	  0.359792	
  0.018763	  0.048982	  0.794648	  0.137608	
  0.177116	  0.459591	  0.284833	  0.078460	
  0.121483	  0.491485	  0.148745	  0.238287	
  0.152590	  0.245835	  0.214717	  0.386857	
  0.221040	  0.320773	  0.249918	  0.208270	

MOTIF elf3 

letter-probability matrix: alength= 4 w= 14 nsites= 14 E= 0
  0.142857	  0.134921	  0.523810	  0.198413	
  0.142857	  0.063492	  0.722222	  0.071429	
  0.142857	  0.476190	  0.380952	  0.000000	
  0.523810	  0.134921	  0.142857	  0.198413	
  0.587302	  0.134921	  0.000000	  0.277778	
  0.515873	  0.206349	  0.071429	  0.206349	
  0.134921	  0.865079	  0.000000	  0.000000	
  0.936508	  0.000000	  0.063492	  0.000000	
  0.000000	  0.000000	  1.000000	  0.000000	
  0.000000	  0.000000	  1.000000	  0.000000	
  1.000000	  0.000000	  0.000000	  0.000000	
  0.857143	  0.000000	  0.000000	  0.142857	
  0.515873	  0.142857	  0.341270	  0.000000	
  0.000000	  0.444444	  0.000000	  0.555556	

MOTIF pou6f1 

letter-probability matrix: alength= 4 w= 17 nsites= 1000 E= 0
  0.380020	  0.211224	  0.295981	  0.112776	
  0.349734	  0.309602	  0.075135	  0.265530	
  0.356459	  0.226592	  0.169646	  0.247302	
  0.229673	  0.350174	  0.311906	  0.108247	
  0.757838	  0.046686	  0.016036	  0.179440	
  0.014478	  0.002669	  0.000464	  0.982389	
  0.984156	  0.000563	  0.002241	  0.013039	
  0.992195	  0.001470	  0.001823	  0.004511	
  0.001610	  0.002156	  0.003120	  0.993114	
  0.008328	  0.001327	  0.802239	  0.188106	
  0.990155	  0.004149	  0.002815	  0.002881	
  0.004992	  0.004117	  0.965215	  0.025676	
  0.091361	  0.290495	  0.533319	  0.084826	
  0.164763	  0.143217	  0.028702	  0.663317	
  0.164550	  0.118473	  0.276288	  0.440689	
  0.152985	  0.151847	  0.413228	  0.281941	
  0.241185	  0.447249	  0.135344	  0.176222	

MOTIF cebpg 

letter-probability matrix: alength= 4 w= 13 nsites= 22 E= 0
  0.600000	  0.177143	  0.148571	  0.074286	
  0.000000	  0.000000	  0.000000	  1.000000	
  0.000000	  0.045714	  0.262857	  0.691429	
  0.201429	  0.007143	  0.390000	  0.401429	
  0.125714	  0.160000	  0.222857	  0.491429	
  0.000000	  0.160000	  0.840000	  0.000000	
  0.120000	  0.671429	  0.000000	  0.208571	
  1.000000	  0.000000	  0.000000	  0.000000	
  1.000000	  0.000000	  0.000000	  0.000000	
  0.000000	  0.165714	  0.028571	  0.805714	
  0.122857	  0.514286	  0.237143	  0.125714	
  0.092857	  0.087143	  0.218571	  0.601429	
  0.097143	  0.240000	  0.365714	  0.297143	

MOTIF nfe2l2a 

letter-probability matrix: alength= 4 w= 11 nsites= 20 E= 0
  0.500000	  0.050000	  0.450000	  0.000000	
  0.000000	  0.000000	  0.000000	  1.000000	
  0.000000	  0.000000	  0.950000	  0.050000	
  1.000000	  0.000000	  0.000000	  0.000000	
  0.000000	  0.850000	  0.050000	  0.100000	
  0.300000	  0.100000	  0.050000	  0.550000	
  0.250000	  0.500000	  0.050000	  0.200000	
  0.800000	  0.000000	  0.100000	  0.100000	
  0.000000	  0.000000	  1.000000	  0.000000	
  0.000000	  1.000000	  0.000000	  0.000000	
  0.750000	  0.100000	  0.100000	  0.050000	

MOTIF pax7a+pax7b+prop1 

letter-probability matrix: alength= 4 w= 17 nsites= 1000 E= 0
  0.319726	  0.364826	  0.139786	  0.175663	
  0.196863	  0.233046	  0.399587	  0.170505	
  0.413896	  0.213393	  0.083356	  0.289355	
  0.290983	  0.289961	  0.207158	  0.211898	
  0.111144	  0.442400	  0.017466	  0.428989	
  0.061702	  0.203357	  0.010752	  0.724189	
  0.906830	  0.012088	  0.076346	  0.004736	
  0.949032	  0.003073	  0.019684	  0.028211	
  0.028211	  0.019684	  0.003073	  0.949032	
  0.004736	  0.076346	  0.012088	  0.906830	
  0.724189	  0.010752	  0.203357	  0.061702	
  0.428989	  0.017466	  0.442400	  0.111144	
  0.120376	  0.197008	  0.289215	  0.393401	
  0.399438	  0.214942	  0.131909	  0.253711	
  0.308633	  0.334845	  0.209117	  0.147405	
  0.262828	  0.146608	  0.265220	  0.325344	
  0.369767	  0.189138	  0.227154	  0.213941	

MOTIF foxc1a+foxc1b 

letter-probability matrix: alength= 4 w= 8 nsites= 78 E= 0
  0.308308	  0.186057	  0.405306	  0.100329	
  0.042683	  0.297023	  0.586692	  0.073602	
  0.206170	  0.300724	  0.114293	  0.378813	
  0.461323	  0.128561	  0.407980	  0.002136	
  0.687179	  0.029839	  0.108943	  0.174039	
  0.002436	  0.000000	  0.997564	  0.000000	
  0.000000	  0.000000	  0.000000	  1.000000	
  0.992203	  0.000000	  0.007797	  0.000000	

MOTIF uncx4.1 

letter-probability matrix: alength= 4 w= 8 nsites= 6620 E= 0
  0.035738	  0.513861	  0.030060	  0.420341	
  0.102897	  0.146628	  0.124818	  0.625657	
  0.883589	  0.044227	  0.047860	  0.024325	
  0.984686	  0.005457	  0.006161	  0.003697	
  0.016484	  0.010932	  0.001909	  0.970675	
  0.048970	  0.078232	  0.037623	  0.835175	
  0.702676	  0.080141	  0.159025	  0.058159	
  0.338159	  0.255943	  0.212869	  0.193029	

MOTIF mespaa+mespab+mespba+mespbb 

letter-probability matrix: alength= 4 w= 10 nsites= 308 E= 0
  0.402098	  0.255245	  0.048951	  0.293706	
  0.470383	  0.191638	  0.317073	  0.020906	
  0.000000	  1.000000	  0.000000	  0.000000	
  0.885802	  0.114198	  0.000000	  0.000000	
  0.000000	  0.864458	  0.093373	  0.042169	
  0.024096	  0.864458	  0.045181	  0.066265	
  0.000000	  0.111455	  0.000000	  0.888545	
  0.000000	  0.092814	  0.859281	  0.047904	
  0.003484	  0.365854	  0.254355	  0.376307	
  0.222997	  0.184669	  0.324042	  0.268293	

MOTIF tfap2a+tfap2c 

letter-probability matrix: alength= 4 w= 15 nsites= 1000 E= 0
  0.422613	  0.103833	  0.119614	  0.353939	
  0.249412	  0.169205	  0.202313	  0.379071	
  0.229443	  0.231233	  0.068690	  0.470634	
  0.013814	  0.501744	  0.463635	  0.020806	
  0.006744	  0.985507	  0.003252	  0.004497	
  0.001758	  0.859562	  0.001396	  0.137285	
  0.005460	  0.315890	  0.186790	  0.491861	
  0.040326	  0.375312	  0.497433	  0.086929	
  0.491861	  0.186790	  0.315890	  0.005460	
  0.137285	  0.001396	  0.859562	  0.001758	
  0.004497	  0.003252	  0.985507	  0.006744	
  0.020806	  0.463635	  0.501744	  0.013814	
  0.348377	  0.094358	  0.419593	  0.137673	
  0.559412	  0.134625	  0.133295	  0.172668	
  0.331903	  0.197670	  0.240404	  0.230023	

MOTIF znf148 

letter-probability matrix: alength= 4 w= 16 nsites= 190 E= 0
  0.000000	  0.786128	  0.053680	  0.160191	
  0.485082	  0.039161	  0.401410	  0.074347	
  0.209394	  0.191328	  0.465482	  0.133796	
  0.040611	  0.623470	  0.231968	  0.103950	
  0.185501	  0.700157	  0.074992	  0.039349	
  0.089086	  0.516202	  0.130084	  0.264628	
  0.099497	  0.399898	  0.327681	  0.172924	
  0.389616	  0.009882	  0.114320	  0.486182	
  0.010148	  0.009757	  0.980096	  0.000000	
  0.009730	  0.000000	  0.974991	  0.015279	
  0.005057	  0.024770	  0.950373	  0.019800	
  0.004897	  0.056138	  0.074798	  0.864168	
  0.034235	  0.024509	  0.911729	  0.029527	
  0.205978	  0.029224	  0.480119	  0.284679	
  0.089327	  0.000000	  0.910673	  0.000000	
  0.000000	  0.074095	  0.920983	  0.004922	

MOTIF esr1+esr2a+esr2b 

letter-probability matrix: alength= 4 w= 7 nsites= 371 E= 0
  0.563605	  0.017300	  0.392233	  0.026862	
  0.032226	  0.000000	  0.907190	  0.060585	
  0.003672	  0.029249	  0.943400	  0.023679	
  0.009180	  0.073825	  0.079959	  0.837036	
  0.000000	  0.998164	  0.000000	  0.001836	
  0.967142	  0.021843	  0.000000	  0.011015	
  0.130801	  0.456283	  0.305732	  0.107184	

MOTIF nr2e1 

letter-probability matrix: alength= 4 w= 14 nsites= 194 E= 0
  0.654450	  0.115183	  0.162304	  0.068063	
  0.662393	  0.085470	  0.162393	  0.089744	
  0.242291	  0.039648	  0.682819	  0.035242	
  0.000000	  0.150000	  0.075000	  0.775000	
  0.021505	  0.833333	  0.053763	  0.091398	
  0.945122	  0.000000	  0.054878	  0.000000	
  0.637860	  0.102881	  0.102881	  0.156379	
  0.339744	  0.057692	  0.198718	  0.403846	
  0.828877	  0.000000	  0.032086	  0.139037	
  0.820106	  0.042328	  0.111111	  0.026455	
  0.126374	  0.021978	  0.851648	  0.000000	
  0.025510	  0.183673	  0.000000	  0.790816	
  0.000000	  0.803109	  0.046632	  0.150259	
  0.901163	  0.000000	  0.098837	  0.000000	

MOTIF rfx1b 

letter-probability matrix: alength= 4 w= 12 nsites= 24 E= 0
  0.029940	  0.029940	  0.940120	  0.000000	
  0.071856	  0.000000	  0.000000	  0.928144	
  0.000000	  0.000000	  0.077844	  0.922156	
  0.119760	  0.041916	  0.808383	  0.029940	
  0.029940	  0.970060	  0.000000	  0.000000	
  0.000000	  0.416168	  0.167665	  0.416168	
  0.615269	  0.085329	  0.139222	  0.160180	
  0.067365	  0.193114	  0.516467	  0.223054	
  0.130240	  0.037425	  0.824850	  0.007485	
  0.000000	  0.320359	  0.497006	  0.182635	
  0.564371	  0.112275	  0.270958	  0.052395	
  0.663174	  0.106287	  0.208084	  0.022455	

MOTIF foxb1b+foxb2 

letter-probability matrix: alength= 4 w= 9 nsites= 709 E= 0
  0.279887	  0.000000	  0.061885	  0.658228	
  0.036517	  0.023876	  0.936798	  0.002809	
  0.000000	  0.010324	  0.005900	  0.983776	
  0.855128	  0.114103	  0.024359	  0.006410	
